1 0 -26.256837529560002 0.0
1 1 0.6701939351865 1.238136636486
2 0 -1.1069302332750002 0.0
2 1 0.7082165549952 -0.5407306635003
2 2 0.415604919506 0.02250613241916
3 0 -0.6566870198173 0.0
3 1 -0.349086877844 0.2453384320864
3 2 -0.09318137665214 -0.06283267353921
3 3 -0.128881216085 0.2732301374689
4 0 0.2587826085666 0.0
4 1 -0.08875222342574 -0.029134194885660002
4 2 -0.006506323259451 0.1713208251227
4 3 -0.09620967940251 0.08598789208286
4 4 -0.06004468656048 0.1431732135617
5 0 0.05416296832614 0.0
5 1 0.025047286102849998 -0.0752985288452
5 2 -0.04696236349504 0.03583975740191
5 3 0.02936480931284 0.04101663148569
5 4 -0.01689807394252 0.05079857378886
5 5 0.06576377342621 -0.018782358775180003
6 0 0.023051567259870002 0.0
6 1 0.005179848022033 -0.008064975529552
6 2 -0.004279379908072 0.00034504805412810004
6 3 -0.0024886701242210004 0.015092045700540001
6 4 0.005204663497444 0.007222299113329
6 5 0.02126249732286 0.00190023119648
6 6 0.004600055760713001 0.009109922976894
7 0 -0.001070529404767 0.0
7 1 0.008435175340249 -0.00747874635673
7 2 0.000111405500342 -0.004681200980036999
7 3 0.003010261394574 0.00042532687223670004
7 4 0.0022433484084259997 0.002946508924621
7 5 0.00489093727734 0.0004673446285621
7 6 0.002618328214378 0.0017640078204680001
7 7 -0.00141857466491 -0.003560142717347
8 0 -0.001956639599362 0.0
8 1 0.001613412564803 -3.492310334392e-05
8 2 -0.0006060440926516 -0.002250728535197
8 3 0.0001615531988493 2.423117826594e-07
8 4 0.0001374925760596 -0.0007225792001897
8 5 0.0009387601091194 0.00023307090636700002
8 6 0.0008121508011809 -0.0007844273535243001
8 7 0.0008841315076893 -0.001395498871019
8 8 0.0008172427626431999 -0.001280888946412
9 0 -0.0002794924337949 0.0
9 1 -8.20296215797e-05 0.00026509790589
9 2 0.0002008769082769 -0.0001762355709266
9 3 -0.000430691192777 -0.0004970185268955
9 4 -1.068415277123e-07 8.290339181414e-05
9 5 5.188621398281e-06 -0.00019778184186830002
9 6 0.000397849387261 -0.0002833941602363
9 7 0.0003249757186746 -0.00047641258208729997
9 8 0.0001742938228041 -0.0004199314066669
9 9 -9.267286474467e-05 0.0003315656357624
10 0 -0.00018628506051200002 0.0
10 1 -9.938202171805e-05 9.869103499387e-05
10 2 -1.633469545785e-06 -0.0001294414834655
10 3 -9.166654392866e-05 -0.0001538684458992
10 4 7.0385273135480006e-06 -3.898237855663e-06
10 5 9.26059029705e-05 -4.650377160153e-05
10 6 2.644409197163e-05 9.636052293363e-06
10 7 5.850974599767e-05 -0.0001103085421814
10 8 3.093290708851e-06 -7.731448040739999e-05
10 9 -6.147508927696e-05 8.856789467301e-06
10 10 -9.794784277936e-05 -7.229437498228999e-05
